196.76739524205524
[55.894275983174644, 92.64157295227051, 130.21668497721353, 165.18900299072266, 198.4469108581543, 225.2548624674479, 246.3042195638021, 266.9822057088216, 285.3889465332031, 301.3552703857422]
1297.4174865722657
[633.1368204752604, 842.5762329101562, 1026.030782063802, 1180.4976094563801, 1316.9481302897136, 1427.231465657552, 1518.850850423177, 1603.9122721354167, 1679.3873291015625, 1745.6033732096355]
20.015256356404766
[24.955389125590372, 22.798742486141034, 21.318633492141903, 20.31160811918774, 19.51653957818514, 18.958062405615937, 18.560707943919613, 18.207034163572235, 17.896933664524557, 17.62891258516909]
0.5194647939805719
[0.7411965793316502, 0.6468578836021645, 0.5784392742519299, 0.5311876539747965, 0.4951909526051666, 0.4698615215811072, 0.45194525115549206, 0.43701085266085893, 0.42590950353168844, 0.41704846711086413]
54.32318389415741
[36.032867928346, 45.3995406627655, 50.83802739779154, 53.578988214333855, 56.37002189954122, 58.276161551475525, 59.74688331286112, 60.15283763408661, 61.239004135131836, 61.59750620524088]
