213.46253592173258
[61.42076873779297, 102.58590507507324, 144.5395418802897, 182.26428858439127, 217.37884521484375, 243.549560546875, 264.5016606648763, 285.6295166015625, 307.2327829996745, 325.5224889119466]
1304.1478256225587
[659.6934051513672, 875.2661641438802, 1061.0009663899739, 1212.6194966634114, 1340.5901489257812, 1435.5051981608074, 1512.3742065429688, 1582.870096842448, 1651.7275797526042, 1709.8309936523438]
19.660481155371716
[24.559399058259334, 22.349152307797585, 20.84956364512089, 19.868869447794307, 19.11291936105808, 18.613564117358795, 18.25876268636764, 17.947136595062677, 17.65484419789013, 17.390600137007645]
0.5253429555238524
[0.7311426024265698, 0.6386389199800214, 0.575317904983316, 0.5322339904673173, 0.5000562950900728, 0.4779775501382326, 0.4644293028226403, 0.4534486942224441, 0.4435589762558661, 0.43662531885204353]
48.66869330406189
[34.047613541285195, 41.175565123558044, 45.17119576533636, 46.7706431945165, 49.074782927831016, 51.08479559421539, 52.925672630469, 53.75087062517802, 55.772731701533, 56.91306193669637]
