190.5294085184733
[58.31271934509277, 94.73156801859538, 130.78644053141275, 162.63308080037436, 191.5961151123047, 213.8816706339518, 234.53096771240234, 254.04641469319662, 273.9542744954427, 290.82083384195965]
1245.8646591186523
[644.6981658935547, 846.2373758951823, 1019.0807291666666, 1158.3235982259114, 1274.3995259602864, 1362.4150492350261, 1438.482442220052, 1507.9427083333333, 1575.1704915364583, 1631.896504720052]
20.104688910895913
[24.752747251320287, 22.695884464973364, 21.28318599985343, 20.35832036236802, 19.645745996915807, 19.156617767069694, 18.75785949832181, 18.426130405724166, 18.120638878917628, 17.849758483494906]
0.5402959353930085
[0.7397950726435788, 0.6479062220965554, 0.5869199875176678, 0.5450739863407655, 0.514363579595984, 0.49495171346666794, 0.48374945830346855, 0.471983081380895, 0.4625828853860206, 0.45563336719848185]
52.03706736365954
[35.55408716201782, 43.949294090270996, 48.8863930106163, 51.27577086289724, 53.8122703631719, 55.42589823404948, 56.917293866475426, 57.2048564751943, 58.428895473480225, 58.91591409842173]
