226.5208834330241
[61.71195030212402, 105.13091850280762, 150.3296127319336, 191.86672083536783, 230.1256891886393, 259.93490346272785, 283.4900614420573, 306.5274200439453, 328.9699935913086, 347.1215642293294]
1331.3261459350585
[658.0266265869141, 882.6142781575521, 1075.6366882324219, 1234.6546427408855, 1366.7344055175781, 1468.8716125488281, 1550.5455525716145, 1626.6581624348958, 1696.6736450195312, 1752.8458455403645]
19.428455827750437
[24.54394205671836, 22.25382271437749, 20.68624337820536, 19.645861721643723, 18.850734381284905, 18.320299391608973, 17.940167314183654, 17.617375490511403, 17.333145671517254, 17.092966157453265]
0.5189314753292276
[0.7309090496028435, 0.6375608408718397, 0.5726124902818907, 0.5280232588839083, 0.4955945018154746, 0.4716675798931655, 0.4546262460590024, 0.4422221864781557, 0.4314266419065284, 0.4246719574994669]
46.881386786699295
[33.36487660805384, 40.154398481051125, 43.47269535064697, 45.08267790079117, 47.259832421938576, 48.824988305568695, 50.57083616654078, 51.4728253086408, 53.537796437740326, 55.07294088602066]
