206.86700121561685
[60.5674082438151, 100.82890065511067, 141.1506487528483, 177.87196477254233, 211.10286585489908, 236.09512329101562, 256.61495208740234, 276.56237030029297, 296.32963307698566, 311.54614512125653]
1276.1156026204428
[648.6813151041666, 862.3162536621094, 1042.2767842610676, 1189.9432779947917, 1311.9627888997395, 1404.4782104492188, 1479.7013753255208, 1547.2041829427083, 1611.528055826823, 1663.0637817382812]
19.78104026646861
[24.619927421812935, 22.42039042170975, 20.944093330391265, 19.96663537114379, 19.226269409492048, 18.74238858432396, 18.39655053635832, 18.09529521101908, 17.815092166115967, 17.583760212318968]
0.5328062467692524
[0.7358509039866417, 0.6444245357541959, 0.5816388025583396, 0.5395915131545199, 0.5081212588497555, 0.4871329318151309, 0.4732782278538719, 0.46159659874960646, 0.4518384533736459, 0.44458924159681684]
49.99047269423803
[33.936302860577904, 41.79263313611349, 46.190521121025085, 48.20724080006281, 50.69996863603592, 52.642313639322914, 54.805884758631386, 55.82693815231323, 57.41017460823059, 58.39274923006693]
