220.1497018178304
[61.4821351369222, 104.13657315572102, 147.24371210734049, 187.23441060384116, 224.20399220784506, 252.40692392985025, 274.3535614013672, 296.6511586507161, 318.2421696980794, 335.5423812866211]
1319.3063252766926
[656.354248046875, 880.010986328125, 1066.74951171875, 1223.9072163899739, 1352.8482869466145, 1454.7452087402344, 1534.824951171875, 1609.5990804036458, 1678.8572998046875, 1735.1664632161458]
19.544319244053995
[24.559933920738587, 22.298244960468992, 20.777916345751773, 19.75529743425815, 18.976527107680457, 18.46015756755014, 18.091743252110827, 17.772917159203644, 17.489822956086027, 17.26063173669129]
0.5224296967093587
[0.7317109276446567, 0.638544839669238, 0.5757237124368508, 0.5315396407945616, 0.49934629067625597, 0.47518821942678224, 0.4595257291801267, 0.4469104655777078, 0.4363683064020507, 0.4294388352853558]
48.294215301672615
[34.055603543917336, 41.1823054154714, 44.936891396840416, 46.46760175625483, 48.712027072906494, 50.603519876797996, 52.11223512887955, 53.25024028619131, 55.157214403152466, 56.46451413631439]
