208.46612428029377
[59.00395647684733, 97.2486572265625, 136.3819376627604, 173.53764851888022, 209.50162633260092, 237.83631642659506, 259.6428731282552, 282.9627965291341, 304.82100168863934, 323.7244288126628]
1282.4026295979818
[643.3440856933594, 849.9017639160156, 1027.5455423990886, 1177.43603515625, 1308.8894755045574, 1413.0066223144531, 1491.4008382161458, 1570.4256184895833, 1640.329325358073, 1701.7469889322917]
19.796998616502602
[24.71937028071304, 22.58143561961405, 21.103431612708633, 20.081532920868593, 19.2768676920881, 18.727598093718736, 18.362934451036054, 18.0061371422447, 17.693196240730938, 17.417482111303087]
0.538255389841013
[0.7395557839343013, 0.6494799105195891, 0.5880954480578784, 0.5463829239324939, 0.5150971733154356, 0.49262121270535403, 0.47935220709136694, 0.4668965857359088, 0.4565863305104352, 0.44848632260736626]
53.60709751645724
[35.509433348973594, 44.54035212596258, 49.73439574241638, 52.13307638963064, 54.94733452796936, 57.00518091519674, 59.01932020982107, 59.860305984814964, 61.30819320678711, 62.01338271299998]
