231.91232681274414
[62.03509203592936, 106.3706849416097, 152.76641337076822, 195.5791219075521, 235.29320271809897, 266.58538818359375, 291.07237243652344, 315.2576599121094, 338.2580820719401, 355.9052505493164]
1349.130187479655
[659.5287221272787, 887.4390055338541, 1084.0886739095051, 1246.9799397786458, 1384.0768330891926, 1490.684305826823, 1575.0975341796875, 1655.1583862304688, 1726.500223795573, 1781.7482503255208]
19.344383748295044
[24.5214602744812, 22.205456280644132, 20.620249610876062, 19.568678410591083, 18.764459108894886, 18.222619639229936, 17.834637201288086, 17.502693305332418, 17.217182868908385, 16.98640078270417]
0.5129419362428077
[0.7302713919476757, 0.6357296440868109, 0.5694607959537276, 0.5236528772859049, 0.4899044019730601, 0.46428476014740766, 0.44653083562464496, 0.43304733337087525, 0.4218448523069908, 0.4146924697309778]
46.85064817468325
[33.48086675008138, 40.17724096775055, 43.51686785618464, 45.09412795305252, 47.13208427031835, 48.849934339523315, 50.44005662202835, 51.45067820946375, 53.38664849599203, 54.977976282437645]
