222.91766262054443
[61.58733940124512, 104.8135592142741, 149.0992177327474, 189.66824213663736, 227.04237111409506, 255.98086293538412, 278.53265380859375, 300.81357828776044, 322.4805323282878, 339.15826924641925]
1325.0853068033855
[659.1495564778646, 883.5772399902344, 1072.8296407063801, 1229.3133748372395, 1359.6187845865886, 1460.2203063964844, 1541.044413248698, 1616.8944905598958, 1687.1088256835938, 1741.096435546875]
19.48739407472952
[24.550797823160377, 22.265258591312506, 20.718517911761346, 19.695952439257475, 18.912909591434943, 18.390521401381886, 18.0194541769209, 17.701879293267265, 17.421314684938704, 17.197334833859706]
0.5194175085178763
[0.7301357582353477, 0.6365582456863099, 0.5726438496490244, 0.5286084874465572, 0.4963762871348006, 0.47250380996974095, 0.455899054141653, 0.4431383228559285, 0.43230643073561686, 0.42600483932378386]
47.167028238375984
[33.61627757549286, 40.36435832579931, 43.83269250392914, 45.35464197397232, 47.45454639196396, 49.11801069974899, 50.80876797437668, 51.89359883467356, 53.840190172195435, 55.38719793160757]
