269.933704439799
[63.54879252115885, 104.63736406962077, 153.39955774943033, 199.20110575358072, 244.5567169189453, 290.4097722371419, 341.4141845703125, 390.0263366699219, 438.6839294433594, 473.45928446451825]
1625.3006459554038
[718.0048421223959, 963.8024495442709, 1209.2231953938801, 1413.797383626302, 1595.9270833333333, 1767.0154215494792, 1941.756103515625, 2091.2811482747397, 2227.2522786458335, 2324.9465535481772]
18.757854545414194
[24.34183725482332, 22.189701772204597, 20.509166196930995, 19.368383315479758, 18.468381226053786, 17.70319536879098, 17.000716687334428, 16.432856980596974, 15.942924254646755, 15.621382397280328]
0.4555445938898843
[0.7097306665959483, 0.5888357571345083, 0.5100870378067671, 0.4610106687165368, 0.42667111502380745, 0.40381982316296633, 0.3854742798224349, 0.3695879527106507, 0.35521338010255454, 0.34501525782266756]
56.10771417617798
[37.30594515800476, 48.7294927239418, 53.91480276981989, 56.8214605251948, 59.21197235584259, 60.62058011690775, 60.7035885254542, 60.77419817447662, 61.16866171360016, 61.82643969853719]
