208.50125592549642
[56.19391377766927, 91.19793446858723, 127.78490193684895, 163.9482332865397, 199.14288584391275, 232.2079060872396, 262.96876525878906, 291.24412790934247, 317.86973826090497, 342.4541524251302]
1397.832037862142
[664.4232838948568, 879.6982727050781, 1069.6761678059895, 1238.6425170898438, 1390.5786234537761, 1527.8320719401042, 1649.801025390625, 1757.5438842773438, 1855.759745279948, 1944.3647867838542]
19.791967836537605
[24.93412210047319, 22.854976391772237, 21.381348748913194, 20.311305717055014, 19.448012937170404, 18.75733639243099, 18.199386782654994, 17.73440066413107, 17.327806321086733, 16.970982309688242]
0.4789005825576344
[0.7039696543553364, 0.6037757031749243, 0.5360138758201598, 0.49191846764313546, 0.456383653536146, 0.43134750544055717, 0.41206605071278957, 0.3964596945733934, 0.38333085805532835, 0.3737403622645746]
55.488324513038
[41.2106325229009, 49.112716813882194, 52.70202457904816, 54.65572873751322, 56.436302264531456, 58.09985399246216, 59.33626095453898, 60.096579790115356, 61.21512850125631, 62.018016974131264]
