1133.1970242818197
[1125.714564005534, 1150.430399576823, 1127.5065841674805, 1126.2614364624023, 1117.848383585612, 1135.4455973307292, 1136.4877090454102, 1141.3067220052083, 1142.9934539794922, 1127.9753926595051]
3176.6600962320963
[3156.4928283691406, 3176.6597900390625, 3150.5510457356772, 3153.521036783854, 3153.8764038085938, 3184.7159220377603, 3195.5431518554688, 3210.1153157552085, 3203.4199422200522, 3181.705525716146]
13.008829335896547
[13.147694699083269, 13.050687288112101, 13.06194987579633, 13.052313158633766, 13.046642877449251, 12.97538798793135, 12.968778838714885, 12.923261033244417, 12.940806806456019, 12.920770793544008]
0.23954673235814464
[0.2435429747366983, 0.2509691204963844, 0.2445886510065022, 0.23804079144146476, 0.23433108216435292, 0.23867340535997986, 0.23660166465240318, 0.23287337883655693, 0.23947085751500327, 0.2363753973721011]
85.19310732682546
[84.3833992878596, 83.31098159154256, 83.4593117237091, 84.22027826309204, 85.37786205609639, 85.80190340677898, 86.71338657538097, 86.25824650128682, 86.17165088653564, 86.23405297597249]
