196.03740905125935
[54.22106456756592, 88.21217918395996, 122.0037333170573, 154.33971786499023, 184.65613810221353, 211.41692988077799, 240.25731658935547, 270.9920399983724, 301.4319254557292, 332.8430455525716]
1247.565165201823
[617.4763387044271, 814.9665934244791, 980.5939229329427, 1121.5884602864583, 1244.1622111002605, 1347.5557556152344, 1443.8252563476562, 1542.889180501302, 1634.6636149088542, 1727.9303181966145]
20.1000530128441
[25.090695191231646, 22.99642491551702, 21.570191868162297, 20.563200977580134, 19.78854226548515, 19.199634689446853, 18.65711398028976, 18.14925121610021, 17.712391581784242, 17.273083442843745]
0.5485955644191393
[0.7466295281943314, 0.6593994712598009, 0.5998292114852863, 0.5590861718125422, 0.5275823192724453, 0.5053877616774239, 0.49052438700885764, 0.47687045132918776, 0.4655309973837863, 0.45511534476772914]
55.59499144554138
[36.59154623746872, 46.768888334433235, 52.25845774014791, 55.17224768797556, 57.77252018451691, 59.668959180514015, 61.07754111289978, 61.54127617677053, 62.340956926345825, 62.75752087434133]
