232.96977602640789
[62.21907043457031, 106.62909317016602, 153.14624532063803, 196.29727172851562, 236.4143854777018, 267.65359751383465, 292.2617950439453, 316.75931040445965, 340.06231180826825, 358.2546793619792]
1355.5440948486328
[662.1503295898438, 890.9662373860677, 1088.0211588541667, 1252.4546407063801, 1391.2871398925781, 1498.274190266927, 1583.3790079752605, 1663.656962076823, 1734.3548380533855, 1790.8964436848958]
19.325512917281706
[24.506526540620126, 22.19635984414759, 20.613432577838424, 19.556248987515065, 18.746218411514004, 18.204541252220277, 17.814868294431772, 17.478629777861958, 17.18687472587709, 16.951428760790712]
0.5109141977613819
[0.7292106336809735, 0.6340306088957514, 0.5674462125671872, 0.5215497039983568, 0.48754995969481607, 0.46179495324103215, 0.44387553518906414, 0.4307329828596125, 0.41995885182386905, 0.41299253566315614]
46.46173432469368
[33.204539120197296, 39.765034119288124, 43.01696916421255, 44.61227357387543, 46.673072377840676, 48.48462541898092, 50.05167971054713, 51.12418979406357, 53.112091620763145, 54.57286834716797]
