202.0181118329366
[58.690990130106606, 98.0024979909261, 136.86630630493164, 172.56808471679688, 205.10500717163086, 229.4784673055013, 249.32874806722006, 270.06528727213544, 291.259272257487, 308.8164571126302]
1272.1870900472006
[643.6241353352865, 857.5649719238281, 1034.9219055175781, 1183.0555114746094, 1304.0381876627605, 1397.9281107584636, 1472.0416463216145, 1544.5684407552083, 1613.4477132161458, 1670.6802775065105]
19.873540712311538
[24.74922595835015, 22.530212573780727, 21.066293930133234, 20.082057940286948, 19.332441916407603, 18.845947296240183, 18.499464700991606, 18.17287683421289, 17.859218839529802, 17.597667133182195]
0.5308411722083134
[0.7373044744229871, 0.6458559369081488, 0.5830196193712234, 0.539541825512519, 0.5071530422197618, 0.4843314047294733, 0.46983415620867586, 0.4575466811611208, 0.445918169809069, 0.43790641174015615]
51.04623004794121
[34.880355497201286, 42.63530125220617, 47.217075526714325, 49.49739923079809, 52.00084646542867, 53.93582433462143, 55.937397480010986, 56.875041127204895, 58.327510952949524, 59.15554861227671]
