231.9736339886983
[54.41021251678467, 89.91119003295898, 129.03083674112955, 169.6217803955078, 211.87988408406576, 251.22638193766275, 290.42798868815106, 331.7490056355794, 374.7952880859375, 416.68377176920575]
1353.6466522216797
[617.9200134277344, 824.6919555664062, 1009.7235717773438, 1177.5189412434895, 1335.5572814941406, 1472.7352193196614, 1596.821024576823, 1719.2342122395833, 1837.6795654296875, 1944.584737141927]
19.609498657093678
[25.091084640342288, 22.94892288559471, 21.394527724370576, 20.244973964662183, 19.29113060472585, 18.547767582695382, 17.929148550053736, 17.376320450678733, 16.8634186016895, 16.407691566123848]
0.540891691558456
[0.7442685481804995, 0.6574700143031155, 0.5973471340890384, 0.5550874206820305, 0.5210623436188867, 0.4979079635963785, 0.48035212587298476, 0.4646046673715867, 0.450964720756679, 0.43985197711336094]
56.63604125380516
[40.33399124940237, 48.5704243183136, 53.10769826173782, 55.72167833646139, 58.10564657052358, 60.03959874312083, 61.34151120980581, 62.04248865445455, 63.196722666422524, 63.90065252780914]
