220.5081324895223
[61.415384928385414, 103.73625246683757, 147.36681493123373, 187.0989138285319, 223.97328440348306, 252.52760060628256, 275.2430877685547, 297.54576873779297, 319.44063059488934, 336.73358662923175]
1312.6009730021158
[656.6819101969401, 876.246103922526, 1063.0442810058594, 1217.0836385091145, 1345.8251546223958, 1445.2494506835938, 1525.5438028971355, 1599.9087524414062, 1670.0914103190105, 1726.335225423177]
19.539983350270298
[24.56208568011679, 22.312977359175175, 20.77664513036528, 19.762546440838765, 18.980537870293546, 18.45561360493679, 18.07783115325722, 17.756719179828796, 17.475641320977555, 17.239235762913037]
0.5226926739400339
[0.7317548848370041, 0.6394499194588524, 0.5761306541223978, 0.5320122800529133, 0.4997662625172459, 0.4760823668312273, 0.4601189572022393, 0.44743999188743283, 0.43556792645368536, 0.4286034960373412]
47.50972752769788
[33.77135197321574, 40.729969243208565, 44.21433756748835, 45.8110585808754, 47.85178452730179, 49.65261171261469, 51.19259705146154, 52.15412179629008, 54.11582340796789, 55.60361941655477]
